61
70
99
73
70
67
68
60
73
88
91
100
51
50
68
61
50
96
86
78
68
56
65
69
83
64
71
66
95
90
84
99
57
66
87
73
99
51
51
89
98
61
61
60
90
96
74
72
97
64
65
92
67
77
66
98
58
77
100
62
52
51
83
62
61
100
69
66
75
54
87
84
84
80
58
88
88
65
98
53
93
90
51
68
79
85
71
83
63
78
87
97
89
99
57
51
64
54
58
60
81
87
70
88
62
73
64
83
75
60
97
67
75
73
55
54
51
54
70
76
93
77
69
77
82
83
77
83
53
66
82
59
96
71
77
76
88
71
65
93
63
88
91
64
99
89
90
100
86
97
83
60
65
69
60
93
53
82
75
70
61
84
58
54
60
52
93
70
85
99
96
60
96
50
62
99
99
77
72
90
52
89
52
92
74
71
90
56
56
61
89
58
55
88
82
83
81
91
93
69
